$ANSIBLE_VAULT;1.1;AES256
33366566643263376166323165636133653864653038343438633634623263643232343265303437
6662656131616362313464636161646665656663353736360a393862643965643636643331303564
38646163376138333939383038323864333838366466373539346334373366306561356362623531
6363336663656664360a666338623935336633633663366232636133303365616437383739363534
63333436643262643238633963623235366430386331626664346163646236306438623832313662
62616464613435616133613334346664353761346363376163356532353630653163363661316632
38336666386538336131366339323365346132333231346165366465626464646665396261343530
39363066656466333431346230346331333438343937613732336236383063373632633634303865
66396466616437353531396162313665653766336262323461633437336131346136636438663536
37666439303835663339323465356263356630353839393038386562626333663938623530643931
62313330373938656139373237333031636266376662643733333534633033366635656339633838
35333865663135646234393235323564366165346464373530336166353233376535656666303933
32303261376636363064663336663830306130633536393035643039303961376562386165363236
36646234653737393833383036333138313433626535653730386362393865333934353164616166
38633231313936306463646365323164386136666336623436643361653537363532373563633865
61613730353863366138303038656635353430363531373062316233323730636163396237366364
39636430353236636233383766663431353362393662366138393236346637303430643132663865
36613934343566656437326664666436343664373930646433613964646533326533353336306634
66336164643563383539343130633536666138643635323835336435653635613366353863616630
61633231613264356164386331396364653161623061326165313039313366336534376331643563
66636437613639386263646531623934386438333664613834656663643930363564366439373763
64333762343666336639333736633136303334613134343666346262353363393239396331393131
36373537346236323661336261643965306664336438643531343830363633366431323537363739
38643133376365636261
